5
5 2
5 10 18 3 7
25 1 3 19 12
9 34 6 37 15
42 34 18 17 16
16 12 34 12 7
6 3
3 18 16 42 2 12
50 24 19 11 22 10
22 18 26 21 24 44
3 17 6 41 10 20
21 5 4 32 35 7
19 31 36 6 18 49
7 5
7 14 36 10 37 28 47
49 34 14 5 43 7 31
38 12 14 9 11 15 50
18 17 14 20 21 13 2
14 29 17 36 30 12 47
10 40 7 18 44 27 13
33 17 24 50 35 37 4
8 4
14 22 50 23 21 38 47 43
18 22 31 49 40 1 37 48
6 10 24 40 20 49 50 47
41 31 14 5 19 6 11 10
6 27 28 11 19 33 44 29
6 20 47 13 27 50 42 41
17 1 46 29 14 38 10 24
23 34 45 17 19 13 25 44
9 6
22 46 11 10 39 16 24 36 31
18 2 44 39 31 42 13 17 43
17 16 50 39 37 48 42 46 5
35 1 26 3 11 6 49 27 21
10 34 16 4 29 32 2 37 5
45 50 37 6 19 1 12 47 2
9 33 8 30 40 43 12 48 16
23 41 17 38 27 49 39 31 14
37 20 45 6 41 24 15 18 46





